{"nbformat":4,"nbformat_minor":0,"metadata":{"colab":{"provenance":[],"authorship_tag":"ABX9TyOwVZ2mzF+AjFJmiheLf9lY"},"kernelspec":{"name":"python3","display_name":"Python 3"},"language_info":{"name":"python"}},"cells":[{"cell_type":"code","execution_count":1,"metadata":{"colab":{"base_uri":"https://localhost:8080/"},"id":"w2cVPKFRlHI1","executionInfo":{"status":"ok","timestamp":1762188065032,"user_tz":-480,"elapsed":18,"user":{"displayName":"Khoo Jun Xi","userId":"03248055959869588495"}},"outputId":"89cb0b21-86d6-4690-fb4f-d4fe440b1bc1"},"outputs":[{"output_type":"stream","name":"stdout","text":["1. 2x2 array:\n"," [[1 2]\n"," [3 4]]\n"]}],"source":["import numpy as np\n","array =np.array([[1,2],[3,4]])\n","print(\"1.2*2 array\")"]},{"cell_type":"code","source":["random=np.random.rand(3,4)\n","print(\"Random 3*4 array : \",random)"],"metadata":{"colab":{"base_uri":"https://localhost:8080/"},"id":"y8TKnPb8nc3M","executionInfo":{"status":"ok","timestamp":1762188546681,"user_tz":-480,"elapsed":8,"user":{"displayName":"Khoo Jun Xi","userId":"03248055959869588495"}},"outputId":"480aa5bb-d85c-4e04-9f49-6b559859488c"},"execution_count":3,"outputs":[{"output_type":"stream","name":"stdout","text":["Random 3*4 array :  [[0.52636255 0.74909832 0.80673897 0.57038297]\n"," [0.99552984 0.48196407 0.15531076 0.43436277]\n"," [0.35096584 0.08731538 0.11473723 0.75543221]]\n"]}]},{"cell_type":"code","source":["ones_array = np.ones((2, 3))\n","zeros_array = np.zeros((2, 3))\n","print(\"\\n3. Array of ones:\\n\", ones_array)\n","print(\"\\nArray of zeroes:\\n\", zeros_array)"],"metadata":{"colab":{"base_uri":"https://localhost:8080/"},"id":"-Og4EjPhpLMe","executionInfo":{"status":"ok","timestamp":1762188918133,"user_tz":-480,"elapsed":12,"user":{"displayName":"Khoo Jun Xi","userId":"03248055959869588495"}},"outputId":"9affb08d-2863-4748-bbbf-aa61f192419a"},"execution_count":4,"outputs":[{"output_type":"stream","name":"stdout","text":["\n","3. Array of ones:\n"," [[1. 1. 1.]\n"," [1. 1. 1.]]\n","\n","Array of zeroes:\n"," [[0. 0. 0.]\n"," [0. 0. 0.]]\n"]}]},{"cell_type":"code","source":["random_6x3 = np.random.rand(6, 3)\n","transpose_array = random_6x3.T\n","print(\"\\n4. Random 6x3 array:\\n\", random_6x3)\n","print(\"\\nTransposed array (3x6):\\n\", transpose_array)"],"metadata":{"colab":{"base_uri":"https://localhost:8080/"},"id":"luzjgGsIrh9-","executionInfo":{"status":"ok","timestamp":1762189537503,"user_tz":-480,"elapsed":18,"user":{"displayName":"Khoo Jun Xi","userId":"03248055959869588495"}},"outputId":"2c9c5c9b-4123-4d5a-c322-ecc06214db96"},"execution_count":5,"outputs":[{"output_type":"stream","name":"stdout","text":["\n","4. Random 6x3 array:\n"," [[0.77168263 0.34014802 0.93052615]\n"," [0.78290334 0.06170828 0.01049469]\n"," [0.99986215 0.6987015  0.58343889]\n"," [0.47553937 0.27612065 0.05512133]\n"," [0.84023325 0.1873122  0.67704014]\n"," [0.20569761 0.18689514 0.26731648]]\n","\n","Transposed array (3x6):\n"," [[0.77168263 0.78290334 0.99986215 0.47553937 0.84023325 0.20569761]\n"," [0.34014802 0.06170828 0.6987015  0.27612065 0.1873122  0.18689514]\n"," [0.93052615 0.01049469 0.58343889 0.05512133 0.67704014 0.26731648]]\n"]}]},{"cell_type":"code","source":["n, p, m = 2, 3, 4\n","A = np.random.rand(n, p)\n","B = np.random.rand(p, m)\n","dot_product = np.dot(A, B)\n","print(\"\\n5. Matrix A (n x p):\\n\", A)\n","print(\"\\nMatrix B (p x m):\\n\", B)\n","print(\"\\nDot product (n x m):\\n\", dot_product)"],"metadata":{"colab":{"base_uri":"https://localhost:8080/"},"id":"aVIRcnDxrw51","executionInfo":{"status":"ok","timestamp":1762189580291,"user_tz":-480,"elapsed":53,"user":{"displayName":"Khoo Jun Xi","userId":"03248055959869588495"}},"outputId":"e2d545c5-e99e-4aca-a3a8-57658ccc6957"},"execution_count":6,"outputs":[{"output_type":"stream","name":"stdout","text":["\n","5. Matrix A (n x p):\n"," [[0.97699435 0.26968375 0.87020342]\n"," [0.80027212 0.56101766 0.13087923]]\n","\n","Matrix B (p x m):\n"," [[0.60857943 0.63466031 0.30484187 0.61917602]\n"," [0.66881951 0.10498293 0.95070509 0.96686065]\n"," [0.40653564 0.55016984 0.97270985 0.39006935]]\n","\n","Dot product (n x m):\n"," [[1.12871712 1.1271314  1.40067393 1.20511775]\n"," [0.91545578 0.63880403 0.90462631 1.08898718]]\n"]}]}]}